10000000000000000000000000000000
10000000000000000000000001111000
10000000000000000000000000000010
11111100000000000000000010000010
00000100000000000000000000000010
00000100000000000000000000000010
00000100000000000000000010000000
00000000000000000000000010001100
00000100000000000000000010010000
00000100000000000000000010010000
00000100000000000000000010010000
00000100000000000000000010010000
00000111111011110111111100010000
00000000000000000000000000010000
00000000000000000000000000010000
00000000000000000000000000000000
00000000000000001111010011100000
00000000000000010000000000000000
00000000000000000000000000000000
00000000000000000000000000000000
00000000111001100000000000000000
00000100000000000000000000000000
00000100000000000000000000000000
00000000000000010000000100000000
00011000000000000010000000000000
00100000000000000000000000000000
00100000000000100000001000000000
00100000000000100001000000000000
00000000000000100000000000000000
00011010010010000000000000000000
00000000000000000000000000000000
00000000000000000000000000000000
